6395
23011
40528
8171
111
8004
25496
9809
2838
4273
31980
3506
2996
41219
11735
20167
1006
10026
15850
4060
38709
9426
19870
18682
26760
6646
22045
31377
30627
15574
1302
1927
2011
61
46668
3337
8665
18370
11861
20838
10169
985
7050
14171
6292
10895
4860
9940
8027
8494
5155
1812
21657
17853
6025
11880
705
3660
2758
18775
8282
11142
35127
3864
40875
19375
935
15709
3199
17471
18381
18695
27480
2532
5658
14957
5831
11545
474
202
47498
1022
11463
4237
10014
21398
5519
19808
14720
7120
736
15732
9293
77702
1188
2639
2150
18811
4979
2732
589
4462
14754
1953
19490
7550
19073
23999
165
26607
18021
2267
13888
4746
3908
3186
18113
16504
1584
18737
17625
9932
8708
3942
6685
21407
18405
51848
7038
1059
24670
4820
11430
16261
39139
4686
6798
4851
1933
15293
9064
3941
943
27566
3617
615
38056
1989
4538
11827
29636
2877
10688
11588
1535
6124
8248
14667
16189
467
28803
1660
29053
8407
27182
4457
38912
1583
64
2251
25430
15094
9364
2095
42156
7813
531
34213
12271
10190
11232
12977
1371
48037
965
1418
12499
10264
469
38109
57
29772
12157
6486
60242
4377
3255
30080
3511
3452
3454
636
11268
15266
23844
4922
25130
15000
2246
40931
3519
2003
11558
18960
7306
6377
239
6281
6063
5566
2741
13377
5197
2748
9212
6569
2225
22725
8911
2045
7187
25902
411
628
13030
4655
982
6127
3692
18135
6777
8969
1784
4199
8330
20049
17945
879
16788
33153
5882
37300
3381
7293
11288
10528
23835
7746
23876
22694
6146
3761
5381
3160
16904
1804
14207
9873
5283
5500
16511
10114
28101
36536
50418
11273
2261
19865
3460
37380
2877
571
14510
5962
16005
51708
2982
40209
22113
7093
15612
67372
3743
468
10960
22744
15812
9442
27630
20084
7286
47
22741
10014
9072
1845
26437
5722
5700
1492
15273
29639
5395
16096
2617
4487
5249
1370
35749
3348
32270
17233
19
27674
9904
250
12301
4238
19737
26351
13465
4556
5993
5966
9954
2667
7067
3323
13598
1429
9814
5335
4612
8777
6131
6676
38518
9454
13552
4338
4625
17900
8311
1209
5933
11869
12781
21267
15477
37085
14783
24397
10241
2333
6892
13005
6718
19132
2491
3914
14908
17709
2324
6558
30660
21217
357
52561
27858
32535
5246
4900
1377
775
5671
2213
4249
7485
64256
20527
8945
16189
7297
7869
29549
10174
12970
10958
16361
8676
3929
12329
17062
6042
6996
49395
26452
45967
6919
8299
11282
23470
11308
11340
3813
6639
32160
1614
11979
10155
4654
7892
25113
53386
22152
24493
4611
3519
42016
4278
1423
3490
3063
35002
6493
271
28661
891
6277
6397
5184
36112
1611
1589
10105
5316
4411
7035
25008
930
5367
8094
20311
11903
11341
29129
43207
13779
34438
25235
4517
292
1608
7233
27493
17042
13788
8917
12051
222
26482
1670
18812
4201
13961
37664
15165
2368
28807
15504
5255
907
12726
23774
10087
11119
36227
2390
14124
32654
2583
10962
1365
19131
14574
39988
21457
4929
1921
51060
17987
9711
8246
14347
9024
111
10980
2893
14057
10478
1650
29937
22139
6726
7347
26158
34926
41065
37641
1411
13927
538
728
1429
19560
14745
6755
23250
9624
533
20167
13590
8145
14214
6868
4992
7635
3897
36204
17596
14106
66617
17621
19637
12317
28529
8722
9306
15910
6426
10063
20300
4289
13202
4556
4854
17149
10836
9884
81931
1439
61701
11632
12236
42133
1686
16666
237
11133
6259
3222
13427
9089
1792
21164
1304
23242
5060
1438
8960
2532
9921
14904
5236
17843
12541
4069
8375
5067
35738
14062
4151
11983
14045
5253
20454
15358
3190
14021
11234
35435
3538
3159
18936
6773
15656
19469
20200
6749
20008
11927
359
3590
13973
734
11237
9818
6712
18531
2085
8759
19175
4266
66567
16279
18447
10877
2578
776
1322
17051
11963
13096
958
12802
27026
44149
4235
77
4976
3997
17230
8978
10031
4023
8229
8663
17824
6316
29282
7922
7224
41326
4854
3379
14824
2777
5116
5344
3463
2139
44482
362
55286
3134
23972
1529
1409
22340
5036
5092
1221
571
6841
38657
16877
477
21578
60
1899
10107
10044
8662
1588
4385
5889
13894
1739
3673
6901
1217
30200
473
11377
28
10691
12443
257
11231
6912
9107
15723
23495
8230
3238
6699
6457
12358
3722
15376
16916
16751
1874
18811
34542
3597
22256
8656
19830
4800
10263
2149
30058
5351
15187
1580
1265
14475
747
553
2690
11717
32663
16242
47939
1444
5142
6767
22571
34193
29155
887
49830
2823
18782
14050
4500
3214
25931
13971
1161
17990
15203
29127
3920
17621
6273
13
13814
11488
4293
26924
33891
182
306
22728
25462
5566
4959
9273
5587
20262
9327
6616
11194
23951
23557
2134
20572
19641
840
2505
2231
1921
9120
10510
26732
3105
3052
9845
3169
38882
7726
11572
1047
14119
27882
26459
6314
32011
2728
44133
4175
26848
12632
5365
15150
29192
2455
18272
22653
24954
12159
5401
7434
2273
37241
795
6348
12453
10196
1699
15890
9431
12017
1434
11455
7949
10715
22254
6570
1540
17029
14403
3820
34281
45554
21813
2027
9943
2561
29193
43442
18500
10397
9594
7213
3928
14403
12195
23743
5270
11072
4048
6855
1983
4843
517
13253
8931
26142
3802
8966
11034
14623
1914
10505
69604
9015
776
12656
5329
10118
8574
54
289
25976
2921
37549
27105
659
865
10739
13872
2509
5775
23084
35930
8204
16718
11383
2471
3985
1444
68289
22828
1281
42772
8312
7963
13788
32658
4629
5645
23461
6378
6028
24332
30646
14619
11789
14020
6878
12826
8028
6349
4707
26217
40258
24184
58808
34342
6341
13727
3377
1607
681
20605
8996
20431
12087
19103
5416
12058
5370
13412
3075
9800
14747
41761
40554
7339
3094
9145
9242
5275
48732
17330
4464
17705
31489
3360
35094
7383
8263
45606
2198
2952
6658
14724
2527
807
37577
2338
2406
216
25293
600
43452
60006
5765
3052
3734
3394
5361
1219
10853
36473
6131
920
13249
5977
11844
18240
27419
7244
2697
36279
12419
10317
6207
699
8796
1454
11760
2895
4290
4912
325
10994
1893
310
4250
118
2822
28630
39287
8232
24785
3264
15939
5667
36043
16298
8271
12492
21825
25377
8580
41390
603
16066
1780
6476
407
582
9604
10763
67184
18216
1482
1314
8643
16974
53276
10140
12441
5704
6013
2634
12589
10087
55287
51638
20594
18434
3253
9601
1987
16476
7633
4322
6030
19475
58570
5459
1249
34252
15433
1402
12016
3218
26015
19260
8376
12313
3878
27323
14180
39922
14672
1335
5166
6787
3860
17790
7631
34564
25436
8995
4127
5621
11335
2239
7075
4390
5698
27205
14547
24659
4943
24756
48076
3657
20511
2744
23631
10175
11597
4130
537
4010
20976
9824
4296
13290
3708
2176
18206
26638
2721
14471
10091
7638
2258
41050
34370
6177
20248
35274
258
3135
2238
869
4065
1610
4081
1491
46003
3926
14350
2440
7793
632
11649
16798
3848
33719
31511
22219
18255
13287
9462
6470
9276
7572
4441
11543
4735
8560
17058
5714
12314
19532
3009
1891
19445
8642
5103
15976
18732
21373
6571
5937
10486
12698
15959
8123
10256
25302
7495
9472
3693
11466
31986
2048
2731
15648
389
2912
8111
1744
933
15988
11628
17717
750
18447
11898
10771
2990
13590
1249
30804
11807
113
3961
4129
2181
2078
6524
11719
2828
5757
1411
34223
220
9849
8476
4915
8175
33497
11905
5022
2246
3370
25755
2349
19378
1981
8865
7261
26204
33644
801
67246
5951
3612
13614
17995
15569
22688
2897
4737
5031
5951
1791
3869
26071
74576
3252
2230
9139
3906
1884
45721
7814
26493
12989
15297
5782
2504
13791
4032
731
42944
2149
3188
1640
2484
12574
1314
6481
30197
16421
23636
11870
10663
311
2386
9622
3954
18674
9278
10429
12920
25775
32111
5568
4677
90
14989
1698
27429
7400
2216
16298
15641
25185
24240
6407
11944
63490
43471
5338
20794
1855
24212
32294
15662
1461
15945
12653
1905
16679
33474
12457
1016
8717
39192
8851
23414
5146
10396
393
1571
19387
16673
8091
30995
35971
3394
31604
3613
2515
10051
40962
9843
20038
4733
5409
2172
14661
37431
16908
12099
14568
32101
19211
27534
8826
16564
197
13174
7884
9567
2357
15386
23391
20540
326
13176
14063
23686
9752
55106
4144
10190
4835
4141
1864
4031
497
16876
9139
24565
3264
7725
4116
13987
22992
26446
18679
10971
746
18168
11771
36441
12834
8223
4417
6612
2712
1493
7866
17225
17662
8103
3460
17807
12917
750
11237
4808
22870
15495
74045
9294
23846
20323
2708
38625
22075
11677
1883
19584
44550
3387
5298
3631
5473
5238
59
1575
19112
1601
32100
18963
27437
19979
22796
5651
1828
9459
9887
17652
2893
4152
23
5016
38712
2121
17112
17528
41551
873
23547
5986
25443
2218
3745
3437
11410
301
1319
25141
56579
23918
8768
5103
1517
7046
7069
3946
25199
3570
33586
52114
10884
9503
553
20960
9594
3568
25555
4446
755
8573
30632
32657
14292
25618
27077
6615
3667
44887
10749
22705
9094
1253
29907
17947
33766
1998
12685
5060
6067
4062
13013
79299
497
2556
10999
5305
36390
15696
12592
33956
15508
6918
4619
22332
12937
269
18382
27695
4186
5142
11202
52777
48
759
11133
64112
18569
4783
15112
18280
40764
4077
12248
5345
401
4365
2003
15803
23067
22749
11340
5603
51989
8675
28219
44600
69163
7596
554
18233
61105
11305
35635
8171
34711
10250
9002
18516
7444
5881
27424
6536
144
9393
6149
1458
6038
1373
699
702
13296
5558
11012
19615
21748
11261
130
3440
6149
9122
3843
4479
11785
10762
29840
4457
36097
3637
24953
7002
6950
34613
1327
31780
9131
4114
26150
15623
57564
16101
1762
23469
14980
10153
6316
28962
638
40068
922
19276
22732
4923
4079
24517
34427
7252
10977
928
32967
9850
11630
1023
11160
9740
39866
7707
13346
2237
9974
16922
16703
1844
4873
35955
47251
16599
20337
32697
37428
6819
15259
6465
7629
1575
14328
20861
11043
7373
19465
12365
6755
6626
6833
15634
2966
17657
12435
3212
5148
6338
10016
25314
8177
8750
3810
10051
17581
1604
275
2802
7331
7906
5597
15203
4942
6828
21560
14014
8172
2670
9676
11054
10965
2604
10447
24760
6029
6378
10064
735
23639
20062
15792
32752
9332
789
41470
25249
3317
9695
1716
3143
1517
3087
46190
69264
20876
2067
3285
5478
15908
6980
3373
2511
7203
868
46867
12019
911
7228
519
9080
34933
15810
19246
23802
7097
1446
17481
52196
1632
137
132
1242
6716
13717
3174
5083
787
58648
41421
2134
11057
21563
3653
10592
6349
28066
12866
3712
27337
2816
7914
14807
48062
1502
4336
26939
1582
9493
34272
2680
1427
23934
9208
10375
1320
3753
53584
12298
4931
2628
4591
10861
3220
20271
34413
29859
6842
10052
10330
5780
25594
748
5729
9839
4331
9168
11987
6020
13328
4975
6824
4918
1188
5693
1136
1091
66886
15409
10871
4614
16740
868
17856
16806
924
2162
17701
12836
11302
3075
36
21299
9501
15542
2376
21508
10784
43827
31412
6812
16119
17492
16543
2418
2021
9400
12021
4364
30070
9577
3291
1313
3973
7021
5537
21116
42779
4029
18607
665
47692
866
4124
415
4587
2104
11285
10311
8034
46231
13782
3440
19014
3032
8382
1754
12050
9882
4781
14796
982
380
7542
4890
4738
27300
12095
559
22645
9380
10776
15599
23152
8860
18289
6711
9162
16830
1017
8402
37403
33789
24726
16494
2765
36861
32445
1002
715
8402
44139
456
18074
7031
3076
1268
25952
18959
321
9137
18604
822
2628
3420
3924
26721
2829
5740
13685
13373
14204
12512
374
2211
43567
37687
21703
17745
30991
1347
97
82545
41933
9314
3833
7534
41201
35603
23289
6800
10449
15250
727
2053
24524
1213
14680
7622
7742
5365
1360
3988
2357
1021
34278
194
26091
9913
1459
1551
8656
11292
5691
14126
1700
6866
7253
34062
36466
23969
4510
2420
5489
2764
1096
15132
13314
32361
1510
12174
4532
899
4033
14277
45171
57374
5289
1862
3972
19872
11939
3417
70188
1694
23390
51212
20510
5658
631
7104
2783
12991
7310
12456
6329
23974
18175
27505
12339
43501
10182
3122
28344
18586
43788
8796
21011
14091
10916
71461
4266
7666
2200
17271
21769
14277
20495
31796
3282
5363
2527
1154
1404
19883
19190
20599
13868
9422
21951
16215
11956
7577
2424
11712
83039
2575
5778
29246
13595
8120
950
2149
1217
1313
8269
5506
7154
12047
10762
25646
4637
8258
13612
3375
5251
17605
37722
8540
5402
3802
7343
13102
3925
6583
16526
2878
22163
9240
1582
6707
7154
14612
2068
33428
8542
5815
2326
1941
3038
88
69493
23488
10835
1795
28041
21850
29313
1332
2367
47920
1441
29147
4989
13566
25150
7630
816
24192
18971
29365
4111
743
35506
25487
6740
2961
33261
433
5538
14666
19982
18233
16555
7322
7474
19131
5685
13705
2341
5938
9085
15815
791
13153
4293
19989
5242
12097
11076
18633
21507
875
9203
5834
20072
33441
17068
23053
7867
3421
44454
11850
1319
7055
230
8396
4139
4507
923
15503
20143
695
6976
1084
9297
14154
3894
16792
41891
33898
6984
14120
33517
1876
1377
13969
27936
18362
7344
15219
4773
13018
11591
21917
22521
37854
46166
8491
5773
38026
4129
28954
17359
13804
83628
15972
13106
34009
949
11204
6383
159
80067
10082
9653
6781
11875
11994
23914
1700
6489
3500
17781
17224
37557
208
3735
19515
16935
4301
70049
3229
11834
839
28117
4
5373
17202
2055
5288
2708
3551
1360
13303
543
43002
4911
1778
19113
2074
3034
3421
44486
13280
2475
3725
19352
12885
21070
1187
8572
6280
10100
10941
17525
2361
6742
398
5586
13768
14149
774
13631
9363
5786
10636
13153
3303
16672
6708
5264
577
25506
28942
3308
5205
10635
4292
9021
60029
13728
462
5994
13329
29345
17123
8484
334
452
1480
1089
25664
10996
18885
1236
11086
17814
9653
19810
1965
59408
4159
2615
1024
506
5443
10766
5165
9405
9584
4100
6414
35297
4386
15478
458
995
1905
11105
13004
2034
6420
8235
2715
971
16848
11574
15046
14446
9687
11328
35157
31152
22288
2654
20146
11611
45135
6291
1032
5340
2398
7600
3071
21138
1389
32533
2350
27448
1218
16561
11880
12287
12217
5255
5348
4916
14091
6582
14088
3001
24665
4554
11907
18515
1133
11886
14722
1374
11794
32460
14347
34372
7282
13532
3799
6103
9420
3370
9743
4654
10508
10567
1412
48838
680
14879
21055
14411
7937
1905
17673
21083
9386
6371
36665
37445
3021
3538
13191
26627
20268
19073
30107
14239
5382
3354
41497
3251
9108
6295
31740
7205
8185
12116
144
677
17161
13459
26400
23517
5306
1577
35422
172
8285
7968
14550
8143
5789
13686
24034
21053
6534
2412
34747
2889
8312
6999
3866
4971
6204
5039
25810
16924
1625
2398
27467
7091
30212
11741
6185
6068
9
5638
24583
5821
2753
28392
22660
1817
28872
8787
6999
4789
18677
83106
9912
14279
1498
11299
5352
18985
2528
27085
25359
1947
5454
8560
1881
4734
5307
40995
3299
13365
14295
13303
4647
583
26344
28013
753
5126
47094
26312
7270
10964
5939
20594
390
1013
8673
14745
18135
2888
8269
782
2421
11314
7546
3115
21465
3655
9828
56594
21801
11878
12164
6769
13535
73570
10746
23961
24125
41918
4096
5241
42683
380
23584
36337
25543
1733
18341
5446
14307
9861
1271
91
573
4123
10145
8887
7460
14358
14210
926
246
15397
33621
9325
4168
1996
11168
4711
11085
10456
871
1238
2885
11222
8284
5576
2489
7526
40661
12808
14368
5405
4257
12265
30455
6143
11316
27204
12539
25728
1458
2533
1186
890
48152
9792
16299
9629
599
25982
15492
20215
13824
1113
1931
20617
2452
30068
15745
6320
24714
8185
16102
23139
26733
22976
12189
2717
4707
1892
32733
25367
2648
17561
20894
8088
37
26927
1604
12956
30012
2745
22604
13255
47315
25633
20456
5281
441
3860
3499
3942
21681
3592
42631
11117
6379
4561
38379
39344
4949
17694
19195
41643
1091
23972
7823
11350
10293
15547
50014
2214
27747
10066
54230
24664
46622
4910
12982
8064
11479
3766
41686
7766
13222
197
532
5921
20933
22273
22104
32748
30709
8274
4644
13305
358
84091
25681
30346
5061
14040
7961
3133
5574
6081
31304
6492
2654
5907
1592
8826
3339
9159
2421
2162
4550
1172
5572
4573
2879
6163
16329
37499
13799
6213
25596
23300
2760
6970
6760
3817
7111
28574
36683
14644
6486
13048
908
5262
3524
3302
4217
44884
21765
6003
1354
7791
14722
9103
7268
24378
2075
2944
7648
2772
17379
5664
2524
28925
37074
846
14914
7544
12776
3453
13178
16831
18155
3907
50935
6825
26515
1889
28319
19515
28888
8974
11781
508
8560
552
33307
4040
15472
18113
22552
1878
6061
9846
33138
6585
6208
9028
34381
35339
1242
911
28235
12407
25063
3962
1227
50248
13833
3053
11138
11763
33551
152
7419
16041
9620
9952
2526
4266
12414
1451
7840
31763
9839
28197
10837
28266
5678
1375
7101
1717
6680
1735
275
2090
35766
10700
6140
446
13632
926
57
3432
6935
17763
5594
33544
9964
15400
7097
2372
6586
2392
9189
12249
44472
15363
16884
39485
20944
52555
30157
19323
34228
12035
2187
14567
24872
14948
5864
4970
880
2523
5811
6653
6656
8538
19976
49388
41899
15027
228
2337
5269
20555
23889
24683
294
1557
46604
26546
2637
1585
31797
8819
7580
11037
3078
1228
16206
54048
667
1990
8300
364
21367
11939
4342
4213
40500
11265
57146
16893
1556
3787
62
5036
26138
18580
29770
5141
2490
13119
10384
25616
157
20645
6006
12159
2931
56729
21042
14147
11071
5764
10560
7287
3371
48517
4466
14594
6468
2819
7305
9800
3126
3326
510
2073
11553
2909
9693
4273
1886
13295
24857
10827
11790
19483
5856
19206
10120
4613
2180
8003
13298
21375
28228
14518
60753
23950
50028
4356
2198
17753
2803
20855
3626
4234
812
52464
16241
64854
5620
4426
25157
116
8029
4902
43309
2904
33574
2246
26388
5094
622
4281
11316
4230
16734
6031
13190
33256
17232
2655
12881
5719
27838
37266
10052
3136
12030
33880
11292
50
25743
39602
34983
2825
33836
1780
44173
26101
8907
11249
19459
14550
500
32432
4805
2121
19182
2296
28058
1872
2838
20661
9424
7133
864
31188
7541
15881
20475
805
39
384
12030
2284
14343
17395
19112
3615
48967
4045
5734
12172
6741
17318
2320
3477
9803
5971
20237
21498
17473
35147
3512
6358
4073
12497
2108
10122
4423
6610
16268
5578
16841
16067
4489
10814
15765
14392
1767
21758
426
1071
13880
9209
24063
55
1897
13682
13828
8350
3159
20707
18935
1941
10306
7973
1501
194
5843
13697
1716
8092
58682
3797
23291
24229
49826
986
842
1844
21437
470
13571
3508
17489
12352
20261
8517
3544
8270
23932
10026
8068
2389
11786
3875
1713
13599
4842
8309
4968
18880
65420
3507
14752
12527
2077
7391
14571
1145
5417
8082
2878
12817
3803
2056
2911
5013
6688
15409
3283
13016
15524
9692
282
21693
3169
1518
5591
3575
5339
5873
4341
13497
1524
50815
7779
10965
1915
1644
8842
1116
30007
6544
33482
21642
8822
7153
52002
7295
31703
17327
13850
6
24816
13480
3373
18593
3388
4551
1648
16147
6848
16415
6146
36961
26514
18600
38029
28427
22344
28090
15579
16890
33856
39344
8434
2535
1466
8966
14358
28280
10973
15191
1538
5544
26337
11041
4173
1101
1279
15358
19298
1010
19482
3413
21752
4746
39654
18237
7682
21903
19252
28544
2794
3888
342
24134
26349
46028
37779
2872
21327
2531
6300
531
13901
229
30676
22891
13472
2032
1208
15798
22917
7155
8387
23796
9592
216
3509
14319
10950
11403
17489
4845
31099
8
35791
117
11006
12647
11681
1498
26905
3476
21653
30124
4178
14794
24861
5984
3807
4649
17685
12203
7966
22705
15981
49131
6222
11366
986
4392
20710
4559
18151
17299
4549
14793
15018
2553
6596
15427
28228
26975
6225
9490
3089
1648
23157
22288
9638
13419
6454
41072
18871
4916
36499
9853
10537
19461
32486
12426
4210
7990
11262
47684
4520
2723
14056
200
17874
2609
7341
1564
2217
5755
28477
10490
27547
14915
15645
11066
46056
14543
7649
2122
5041
28844
35741
26795
14822
5481
7428
15077
3181
12653
47798
5189
2956
6136
3362
4831
419
8512
2371
17150
1529
1699
12198
11679
5105
11763
19401
3500
26520
1885
4121
17086
7579
18113
2573
2087
52823
2401
2439
888
3957
8901
10
20102
2401
22298
20768
5968
12943
7344
2095
23956
9596
9868
7501
12488
17214
10979
6521
40374
21231
16036
62388
34474
3684
26116
4819
2730
24641
12260
5705
7315
1738
3712
11136
18456
17646
37732
47
10068
17076
2944
11331
27510
13368
12718
19418
8630
23007
7244
10925
3085
22080
4438
8761
5500
1392
19049
3405
14233
7781
9111
4000
24560
9940
28708
3958
266
5634
5175
6865
25414
2503
21270
24947
8970
35399
71526
3144
3607
18575
6822
27548
4961
2896
13247
18871
10971
25767
11894
13062
13398
10089
7371
66
4171
32532
6494
5062
4391
1284
8137
7560
7755
30440
2659
19118
1605
1218
19787
3476
11233
10913
39547
34065
20906
5091
13821
4279
3565
12462
3374
10636
17779
3026
16452
18380
6307
2292
3495
7276
4955
6190
16115
9696
44326
21771
5084
8179
12446
1728
10001
8955
30705
30320
4548
15274
5336
1379
4037
30993
11862
14013
7936
12555
1515
3541
7220
8178
646
22770
1232
26306
5775
9504
39084
6705
13364
2160
15321
27255
42577
5174
5096
3649
5358
5213
15345
5912
1341
20579
26208
4818
15874
22613
7736
9384
5223
2034
82
10669
37604
4956
9988
15636
29564
37740
7064
3313
2414
36319
23993
6699
7100
327
257
9865
1729
18947
17087
8089
22338
23830
10807
5405
8286
21869
7924
1296
21624
28870
16466
969
1339
2073
4327
40743
641
1534
6896
2083
11220
15036
6773
10354
4858
848
26459
11212
5288
3184
2402
13759
18328
41983
2430
40294
3832
5898
1
25436
3073
11118
58071
5935
5471
5758
4076
41539
29352
8013
3843
8548
18522
14989
19311
3125
14562
6742
3054
7075
17619
28790
25840
14432
1160
150
787
16689
4446
1516
18427
3651
9981
56498
176
3056
53220
18213
2346
8561
4262
26959
13633
8283
13452
494
2558
25641
20727
29186
13294
10875
8050
930
4087
6135
7459
10399
10216
1166
16215
37160
7625
3777
3805
6836
4615
20132
5912
4872
3297
5862
20804
25126
8225
19913
17380
1409
9393
2356
352
11038
7116
14336
5802
21243
24503
20876
37016
6269
2973
17146
11669
4758
22402
12304
5126
8773
7830
2528
18422
15827
16570
17207
837
2356
20056
7735
11662
7389
45190
17671
707
11486
16548
3775
17740
19623
361
4578
8521
8920
13372
5903
4069
28052
2082
5110
3208
3526
668
19668
31998
7245
19728
31533
7048
433
749
3342
10204
11917
51638
7921
26447
24771
4369
4350
15033
5711
2683
26410
13573
18199
4467
2945
14368
9384
8632
2142
3549
12645
1930
5492
12800
16126
494
16698
4977
9146
1977
11704
2698
16768
22624
1405
1576
50890
15730
3641
1405
15570
21606
33482
12466
19367
5413
18041
21845
24583
3669
12994
7654
4639
2957
40004
7266
17808
15095
3447
6405
1394
14867
6614
3698
906
55369
170
286
11372
3116
67652
2562
6301
4789
23957
14567
13430
59582
8306
16223
10580
1741
2890
1809
21656
7486
49766
9320
6376
13420
7940
984
403
13093
7759
12413
987
431
8776
4278
55556
2114
8756
20038
5433
28571
1008
2778
43137
6445
3014
7489
2428
5742
27404
3903
8250
354
2568
20435
13554
27468
38569
5135
23748
32147
3543
2583
33950
16825
11042
8987
14476
4246
19723
6879
11076
13261
1817
9088
37290
1764
9137
6626
61466
12608
26835
5777
22620
7135
3002
1997
17178
17698
16468
35235
13682
2740
1131
1374
24384
2451
9845
71837
2857
40358
4746
9364
5221
3947
3159
22198
1458
6897
3280
10088
50699
1128
5107
32448
3811
16373
39139
22594
10317
8591
31171
9928
29866
17241
6003
3321
25106
7719
14233
30258
4575
13507
15001
10493
1779
39647
26297
23891
5816
3233
7378
674
645
1109
1074
13414
15281
37520
84
4420
9077
7262
6298
20616
10749
9675
9605
5564
7992
15725
16287
6484
26114
3464
7641
23624
647
4488
6132
1701
1042
14490
9723
7227
16444
10835
5800
843
239
11117
21780
694
37375
2181
734
20278
2850
3391
2393
8630
5631
17385
108
3907
15082
23202
4488
1662
28567
8582
456
9606
18232
55050
11996
6459
14005
2708
4116
16153
19332
10215
8461
9466
10064
8005
13181
4326
26881
5481
26563
8362
17161
1480
8619
2744
4410
15358
14604
9533
35304
7206
852
42393
7827
8884
559
12751
2992
7030
8075
578
6038
3324
5621
54272
15427
36047
24386
8329
3393
238
27473
3554
25822
6118
6010
8979
9005
17758
437
3204
1057
35752
3182
3375
20093
4472
18507
6845
21557
1832
19162
237
6897
4106
6485
9119
13900
14405
28009
17692
17849
29351
16719
2634
19162
5655
35583
15843
689
13255
64549
7138
8681
10251
8466
6338
1227
11769
38368
3658
28303
4805
15170
3510
7428
39721
24355
65111
18936
2572
27512
5506
76
16614
16460
13602
13219
1369
874
22086
1305
2844
15764
9008
1541
2897
8265
16483
20704
51350
4414
37291
19475
16435
375
4051
18272
5392
19781
15850
1023
36629
26537
33042
11946
8361
3555
12301
10336
1215
18522
4547
15233
7038
31881
7203
7603
9857
8631
26892
4131
17979
9020
17641
16980
64242
9424
4459
13007
13474
13361
6051
12230
19799
133
17267
578
76482
7490
39097
23914
72953
3234
16768
18905
21108
12801
11250
3898
192
59236
8448
12161
3708
759
27039
13163
24308
3762
10711
13849
2278
3124
16149
2658
18014
13883
15300
22105
608
112
11331
8364
18045
887
30562
22784
16386
3
15518
15641
2444
164
11655
21751
2868
9782
19205
32746
19828
194
29656
3287
5946
17459
5365
5741
31760
6129
2707
6923
9236
12063
9931
4587
3906
11083
36614
5500
19187
6305
32837
12534
11882
2532
1777
1316
121
3463
2125
8689
19935
8732
20416
5394
23485
10665
623
1779
9822
139
1826
15671
75383
4593
8772
6841
2826
4257
108
24114
27982
12659
11787
4943
22919
30595
29131
18887
4939
38630
34494
7489
13403
20858
1623
45865
21332
1717
6424
13028
1742
5109
6938
30899
16584
7673
20357
15758
960
10261
26825
9370
20389
3703
2974
5168
6493
27652
7814
21498
37723
4116
6419
20482
6216
375
17680
37
6134
22922
7181
12606
6556
16201
28402
22990
355
23965
23492
4062
47889
14179
2472
2970
26137
6331
6925
26792
12123
296
10677
22740
10701
563
24683
9698
9789
10329
9124
29055
9032
19646
33
34728
8871
1017
26668
19334
34698
538
4034
10271
2191
1097
15714
3164
620
8145
8708
24273
441
11401
13678
1434
19788
21837
675
4995
3587
12359
14030
2896
16790
4760
8326
30548
444
7143
18856
9054
15603
4141
2964
5179
13457
6421
13631
4686
3776
1950
8758
10438
7200
25154
23322
9127
31777
22569
19016
16701
7989
15904
46673
1317
12765
4227
13389
12185
31631
5409
6264
4810
51840
2352
4911
2569
13265
17764
4762
1792
17895
3194
1721
7538
22210
3906
8197
6081
8671
13567
3177
33851
25747
3417
3519
8403
8802
16971
668
8635
6976
12091
1062
9726
10472
22547
2739
153
55640
9688
18066
21418
5929
25673
8420
12933
27662
12851
24935
5270
8511
8808
3505
13362
1017
31149
8931
48758
3261
8488
6271
69750
1654
13371
308
10672
9012
1582
20741
12478
5714
30620
305
11944
6224
25475
5968
8551
13670
5594
22959
9374
4800
19747
12479
5700
10028
9406
11155
4491
7347
10269
6440
556
51891
1628
1530
40199
3587
5536
21378
8346
10207
43749
4002
20746
21991
3793
72772
3299
7047
1780
21474
5288
3532
5108
13056
38850
963
3502
21220
3973
2010
1356
5632
7248
1771
5288
14148
2082
15209
20811
1528
18211
7138
1782
1396
16
2968
3583
31305
1427
162
40869
15242
39167
9842
11465
21601
25070
2264
14079
8647
39763
12964
21848
24390
1261
30547
13398
21361
7577
36130
16738
19326
31923
2937
10506
19678
3312
4292
5944
4118
27422
3856
5053
16920
7816
905
12143
4699
25652
753
37311
9665
3262
15736
16598
436
11975
1
5393
33195
27740
11059
13989
14055
8061
11135
2353
29018
1964
12037
5011
4402
13858
27343
1743
662
20984
573
22744
3759
17986
3395
9851
23022
3975
7874
691
34428
2600
14401
12362
3024
1492
34749
6873
36936
170
42919
16953
3608
21461
35809
1397
1806
8228
21557
5626
3211
12897
61051
16872
3703
6739
39377
18851
10052
7502
2992
2898
31272
39281
3354
7834
3211
55824
2365
7627
1751
8265
996
14147
3247
2134
15785
23392
5643
15682
24388
30666
6664
20297
12443
17398
14783
15730
18065
5284
2928
17784
37447
33272
17989
5595
758
8044
12187
10700
15073
15108
20337
9485
1375
456
1122
11226
31943
3262
1759
14081
1217
2277
4693
44394
24602
13312
4204
5326
18392
1452
4423
6244
7905
6972
44273
30486
2744
302
10375
5811
9437
45394
1048
13260
6774
11616
10518
3090
1524
8204
3221
6257
14770
5161
2296
46828
193
16172
19425
312
2373
18717
6092
53538
21525
596
23288
4403
809
21469
5163
10077
3574
1080
19805
11273
9457
15301
1760
2139
21494
5345
7534
482
1448
5298
135
9400
20929
4154
11995
2363
9727
3167
19978
34650
4303
40184
32235
12396
897
16273
7256
22963
8701
56697
1902
14801
2320
15108
2316
24858
2498
5813
15329
9755
8797
3847
22899
5228
29511
24531
9866
7100
31872
24946
9079
11258
8445
12769
30444
7796
994
16972
1869
13982
8315
6703
10040
10469
1414
8777
9579
4329
24537
25255
21349
36638
2179
12158
3272
12414
45834
22581
3670
11452
13535
1902
13200
28371
23480
4684
5666
3008
18022
8528
5154
4173
4296
9176
18442
7401
4361
1148
18997
8462
11707
864
7331
814
5728
8408
1979
20213
13338
59081
10610
9133
28215
8998
10011
6991
2477
8404
2365
965
12113
211
49538
9251
15561
8011
7697
14812
20871
5332
2945
19731
190
2032
8527
18389
28047
3507
18714
34639
23743
2222
7664
733
15125
7120
12088
10751
7650
1433
1738
1798
7734
14273
4802
11851
11104
22428
9621
17887
20550
1449
18521
38211
6132
9231
3548
4245
26800
2561
9609
10295
3703
21404
8312
1770
2216
16757
9166
16132
4216
21017
3832
16863
24764
9091
8342
20959
9798
3997
2578
17418
9187
1023
2460
164
1776
38146
30817
9287
45540
18011
14473
6838
3460
17868
19418
18421
3820
36419
5076
2812
846
6214
1909
21985
2901
57096
16219
23950
7634
12053
52574
12613
797
15691
8013
6449
5069
23513
21477
10465
2948
18097
24655
20091
4527
12146
21472
21454
11150
4343
25398
16308
10695
9998
61718
2999
4792
1159
8584
153
26633
2422
29975
9302
4455
2691
606
789
20803
13113
26768
4156
7337
8058
6764
1966
21288
15700
16093
18483
4564
8098
17970
23756
6040
1767
12690
1704
1871
2454
6974
14445
3992
14583
589
4183
12892
27566
32417
10305
13707
37511
1695
10652
15997
221
1391
3996
1690
1347
9035
15092
27873
15197
10788
10989
51240
12973
62378
18755
7323
20999
5260
9209
44329
5538
5485
8244
6713
14779
26192
16603
9219
4819
11792
19267
3696
4169
2982
15255
13432
11875
9843
7280
13209
14607
11630
8328
6815
30878
1719
2409
23438
840
10767
12446
1386
669
6655
4099
14692
7740
10780
14637
12009
1219
33155
4819
36964
5568
273
29643
30442
57368
2547
13800
575
10164
4175
8023
6604
6513
10861
13062
15296
243
4637
852
10106
1070
2302
14666
45515
991
5746
5137
13458
23884
2984
8960
3349
4084
9541
22364
117
20443
1385
63772
18493
41465
1031
24772
4544
20931
8452
20069
21218
12853
483
5524
36062
4884
11190
31667
18412
22768
7006
11158
674
3504
19829
7786
9798
1901
20710
16580
4579
1510
902
51
16848
30297
2269
12727
46218
9574
22736
4071
6109
12758
44237
10783
12742
2283
23865
69571
1150
9722
2150
14086
6878
810
17018
8757
7165
13522
7946
53483
31399
7686
23818
18413
1447
7829
1877
16050
39547
34449
14814
12361
6526
17287
8099
1536
4524
28016
25743
12727
6574
3338
11168
4534
6424
17987
7264
29750
13503
8103
11709
7593
10680
36071
24107
16975
5060
8541
3115
4823
4696
2507
193
8321
24910
8005
40570
986
559
5560
7673
15612
2432
4094
13126
26150
4080
1961
4838
1868
12048
57162
4587
12636
5771
10513
10012
22739
11205
5431
14681
9425
3438
37323
22984
10339
15352
16569
12100
9625
16758
1457
11467
6235
4513
4174
10135
5203
1634
16515
5215
3872
29469
4459
5906
3370
6259
2139
8144
16260
26464
69206
12264
86318
13306
5374
1324
33326
15134
6188
2343
18793
6035
2323
6148
13488
4258
35096
3128
12143
21392
1485
687
658
21738
12159
13617
6985
14192
8822
23615
38703
38916
10376
2620
7349
2567
14560
771
2245
54816
7214
15524
13954
2692
13617
14760
13660
13374
36446
5210
6054
48770
41229
58202
26451
17922
2965
15020
12790
3562
29021
7577
3046
9791
9609
15240
15360
9173
19719
18876
17630
589
14404
39404
23554
798
8634
18041
6201
15172
3469
25207
1257
12629
10059
10810
30620
5607
1963
10300
22577
20644
18226
14909
23789
19030
28797
3029
3719
981
9067
541
9122
1607
648
17196
12734
3671
31706
9357
5950
8626
7549
6255
171
5353
4512
35167
4585
1217
14254
3451
29052
20822
13156
5098
74840
593
6226
1894
33727
10715
32444
12160
37178
11904
24473
16282
10437
20630
4609
10142
52336
9050
3345
1173
4787
6849
8383
59550
1582
26800
11800
8067
3800
236
14821
13150
2103
34335
8145
3152
6412
3114
240
9379
6058
27040
12199
60490
21297
27892
751
6454
5907
35726
7033
9473
10262
1012
25833
113
29100
31029
9843
45228
3243
1007
5491
3181
4034
8633
1086
10849
20010
7185
9813
11374
30908
12473
3027
6468
19603
6656
4739
26807
12257
14577
18574
10152
3277
3638
2523
11264
8718
17964
5595
42614
13001
13880
8058
3099
3596
5284
8762
15748
17334
5083
3430
7339
6765
39392
43326
1369
10055
39762
18079
42996
3473
1644
70912
2035
7590
13583
12
13806
12601
12968
8167
1070
19214
11151
7290
331
23606
16182
17966
12644
2726
24462
1123
17396
5268
19239
8811
4448
956
6732
21716
19301
13480
5589
25095
9192
15171
18606
13424
14007
26616
5311
3441
6581
33820
5163
2423
3267
15493
5856
42472
47175
159
20911
11077
35386
4011
16444
1325
4462
12258
1541
8447
11798
8609
5495
33123
12371
31106
796
1617
8565
5587
30275
2503
9636
7487
21084
4122
43371
370
5722
8037
4539
8234
24000
3567
2503
19076
15082
33485
7726
725
13345
245
1383
3376
790
11139
12550
4640
14063
6427
11100
27078
6327
16280
9960
9248
2093
16922
14481
15157
8985
6747
5654
18936
686
8882
13472
3856
11962
9440
7711
5968
10793
21028
5630
2641
20173
6869
5246
1503
3709
26610
8550
13000
16268
15292
4485
10323
31964
883
388
22184
1679
3902
10964
12597
60261
1192
7095
6871
1066
32653
16784
11837
28106
3726
5683
948
9359
13265
27733
6886
23438
20849
21068
538
23677
17346
54308
4729
17449
22696
6923
3497
4407
3131
3701
9459
11293
4086
3544
20277
3595
18224
5135
3259
2361
31073
5478
14235
10104
2095
1794
42830
5511
17063
44965
36419
11416
6933
1755
13809
1826
4769
6593
1361
3645
1877
18090
2653
16507
3594
4459
4396
2545
1561
11291
19731
9238
4322
75238
6143
15802
15239
15452
3470
7627
17649
14272
7376
12482
1169
96
38653
143
15556
3490
18803
25127
213
14930
386
12823
22169
34423
3166
5248
17893
13526
31641
28506
6648
3769
4167
9092
28838
15615
28246
1110
10128
2674
27767
4569
118
67101
13981
45673
3532
4221
8427
20863
48879
30179
9166
1557
13435
16700
3981
20210
3018
7554
21173
9866
5651
2505
3254
2366
4596
6680
14609
2129
16977
5231
11795
442
18609
35136
895
14692
15200
63980
1931
44010
10561
4477
32842
9075
20452
7839
352
3247
10583
393
6892
15064
13492
11268
3757
13815
7245
13253
4600
14488
1493
2914
4433
7218
4746
2059
30492
47842
5401
3015
1428
6970
301
42325
12817
20630
10869
10586
9348
27705
117
9663
6650
2814
18102
7490
34172
16631
2912
42542
407
3841
4238
2375
14923
220
10359
13272
4015
34178
4938
43001
15244
2409
3686
102365
4022
6891
6184
8897
52432
4468
1368
15011
18830
4765
37247
5264
10290
2344
14048
13832
11515
54598
12547
15000
6779
19089
3653
67586
12035
5496
27649
269
6501
18009
16525
1486
35554
10334
3898
3898
20260
29953
22516
6707
26266
3326
4071
6846
32540
20633
22391
10959
21826
41583
3367
16284
12334
17391
20335
24868
17855
23096
8505
42354
3
11877
5116
15038
2419
10313
1557
16602
43777
21392
3574
22834
30014
9262
181
23036
3169
2082
25543
1461
22483
5272
2311
8396
19814
2791
9221
6827
60476
13107
7941
26455
5215
3869
6453
15609
6180
4857
6991
10111
22313
36
18596
10299
8676
22059
50522
42229
494
1278
8016
47031
821
5533
7404
963
10358
8088
689
4364
7607
51824
18586
15258
7427
52282
14152
3244
4594
12249
15993
2196
3380
13359
26525
5787
11933
2566
11355
2333
10335
1508
15937
3860
13515
559
25514
8769
9247
26922
4551
7107
775
1340
8428
20102
6892
151
6677
15184
461
29082
20540
266
3854
11577
954
14148
6572
10603
30091
9977
764
5559
12345
154
9588
1959
31059
35927
62
1909
18109
2472
19045
11408
1437
4572
10515
2425
42915
41554
16389
2061
31341
8778
111
1076
4128
53916
10334
38320
5546
17228
578
3824
1252
47406
21436
8701
11004
18693
5568
5012
5922
8603
23827
21596
6330
17445
1407
4166
3332
18969
52624
25837
13695
347
13842
6526
37145
55436
3699
85521
20600
696
10472
5283
37711
15728
748
8246
777
357
7497
26574
7603
3171
31986
13101
1746
9205
967
13700
1812
1079
8660
7848
43682
9553
16039
3521
2372
7215
30274
15951
2519
3769
11210
5874
2902
19487
4785
2468
24093
6530
10775
5830
10822
13633
19998
47466
7323
24387
5660
6221
4074
27094
3060
68248
6086
30443
16135
5825
2738
5375
12468
17760
9157
21005
6430
17137
3126
8448
18131
8283
7618
4167
29896
33946
1482
27327
14046
7926
20325
16349
70016
280
18023
637
30299
15649
5877
48639
36360
15858
30265
6028
23578
4189
27947
7697
7028
21647
17784
5436
2285
1550
17420
21048
17377
2302
4915
1087
2737
10327
24380
5478
21028
4504
11089
2021
6925
13882
357
17110
13417
1045
5309
17580
32554
6358
23749
14276
28217
4108
12818
52337
6398
11875
33337
4211
25456
16344
541
10888
36675
7947
3209
3276
24014
4765
6085
11497
7963
39764
482
1665
15575
19425
12752
4953
20118
15518
12827
14289
5045
23184
2215
7867
1046
5580
12826
2207
23339
3634
10380
26079
9663
13244
3580
7822
38328
266
10048
5182
11575
6887
3144
6299
5459
583
12321
12119
3311
23908
4892
8522
12648
19320
31147
15063
10703
15056
8297
18566
3320
9647
23612
32476
11883
4352
28993
1487
22171
1645
12598
17476
6470
11288
4442
669
15352
6259
1742
1501
1914
11552
4890
20651
10204
30641
11934
13361
1127
10529
57251
6830
3829
1479
20468
6129
1718
34366
5827
7847
15029
49720
5512
985
2997
3350
1980
42843
3342
22784
10643
8598
12098
18668
5474
9455
3749
20783
17964
20199
447
23611
4877
24672
12278
6300
7457
6428
5987
23211
57041
5402
11068
27632
23729
5056
14615
5313
13397
22616
2656
9132
10970
4380
30485
5727
14476
866
17662
6804
21054
17645
29950
36087
6661
35163
11103
1410
19183
2831
2962
5489
16968
10091
11236
5370
2418
842
2845
3742
145
30562
18389
23926
17148
14456
164
6939
15727
9005
6525
7509
3509
60249
10780
966
151
13008
46319
1913
5706
18379
7505
20920
779
34540
1055
2297
6413
63091
14169
13257
7330
43804
246
4467
8368
1943
26185
9716
3713
19924
22604
20261
25684
14009
29562
667
19461
9511
4200
7293
15275
1593
220
3538
33440
3430
2219
2454
9464
2648
13928
5436
5237
16686
3145
35295
5837
1112
48157
7412
37784
12334
3757
34032
20303
12356
749
4946
1732
20434
9
37059
2754
76975
573
6370
1448
14495
5162
22574
1005
2213
2949
310
4054
32416
4039
4104
39498
1979
10360
5602
50128
18532
5748
19732
7005
19133
382
6880
10890
22224
284
13780
34397
36340
42257
8241
13920
10860
2823
494
4489
8026
699
11899
26683
26679
1460
14074
8886
5309
4676
6553
36691
6832
7133
12745
28030
28601
4528
5872
32225
11047
3257
10392
17233
17899
3027
18371
8050
15101
14888
6916
31861
5580
7616
1821
68843
7319
11698
10510
2215
20140
3711
10136
27638
10574
16278
828
17974
12177
674
2364
15034
7527
6179
18223
41176
20272
49832
15570
12339
10363
16291
2408
4711
14497
10482
11850
5893
22778
1216
3850
2571
24087
30436
8563
1478
42861
21725
354
32021
630
10528
25660
7306
11636
25661
11711
4207
35660
5647
45588
2419
1953
9830
7842
55458
3330
5897
16250
22058
23686
15171
1642
45529
6837
3564
1487
19042
4589
13028
39068
388
8295
6599
39090
16975
520
2048
501
1304
3429
2126
4222
519
8411
780
17454
3028
5588
17079
15280
987
12073
47637
876
2131
6001
2005
9432
11569
27811
2984
387
34847
29453
15220
4248
2121
14547
15496
17986
24829
8956
19851
4050
16739
30250
1033
2208
4990
29596
2196
11114
28579
13105
17014
20861
3362
9444
2927
3841
2695
81040
14451
48655
4935
6953
1735
4326
6910
6434
55147
3249
16049
5484
6196
6364
15699
1879
20453
1852
833
44992
13982
21982
32931
320
14648
20256
53506
4745
13943
12060
5144
6151
11739
9417
3715
1678
6542
10008
14754
4786
1817
44585
14400
1259
15132
18312
3375
14972
6545
13441
24813
18703
8617
5535
5737
7281
5161
710
37182
24519
34590
13957
10373
2650
9233
58436
16824
5594
18360
544
2229
8045
17862
4337
3600
7615
22181
27498
8732
11899
4397
1327
21540
10483
24104
26880
26105
9547
6845
16253
832
657
5276
16495
19863
4550
15125
4113
6842
13211
633
6879
6622
6158
179
917
5965
47415
11345
3781
11536
14995
8277
10333
24826
11788
1238
2446
24278
4146
17309
36795
3697
41760
11572
2422
11579
1742
17913
1757
840
29034
6714
24892
15159
14
1100
15306
802
3434
11924
4961
36494
17615
3230
25057
1717
1258
6894
14397
301
33555
34077
16670
15091
2158
1378
3094
17423
18030
3519
6303
16400
1998
7151
30737
4035
17712
2149
449
5816
165
12501
12373
16572
8900
3211
12859
14900
3759
757
19281
6195
14875
5999
15745
2811
4005
5870
13212
1120
11909
19735
20091
1358
1306
15490
29614
10694
5331
32909
21943
13142
5763
60914
800
34282
7994
5856
1458
11635
33099
5033
20600
1936
20084
19179
4460
6886
21028
1592
152
5513
3716
1255
7557
10279
6928
14043
5260
18715
4596
50556
5863
10595
4403
51451
7341
4784
10480
9931
2634
15931
4793
40508
6690
7701
1916
9617
1108
6515
3238
38644
8660
3156
10944
1937
5623
2806
6835
12577
36977
8355
2534
4113
41800
28019
27409
869
14363
1310
31429
23881
1782
2109
2398
13617
13278
25033
28482
17518
12830
8745
6414
47031
1402
13588
2162
13980
32185
794
18847
4940
7592
4719
10508
26333
3166
42337
6860
10725
5284
17513
8050
8905
40025
21157
404
3894
1923
17935
36871
5941
22534
42
10585
10231
5045
5076
19825
14562
8910
11004
15665
22942
2659
32292
23874
55046
26516
51
4022
2777
26729
29692
86428
1876
58220
21930
20124
17546
7414
11681
11678
20052
11584
40578
20928
3129
13665
53854
5200
7152
38238
1212
2264
10646
14197
3875
10912
4857
7157
5841
6760
10267
367
13751
3844
235
18851
4644
5948
9947
18195
4385
4393
8780
3450
28580
929
3670
12518
3223
9812
426
2447
23606
3201
5054
2907
2740
2248
24317
8461
14516
9999
8021
1138
20642
11694
64691
18245
13665
4452
24272
9246
9952
17296
4871
5039
44235
52960
7903
2098
23862
2725
155
9802
5277
2846
1001
2746
9383
3212
1279
15644
19345
5320
9285
2745
23255
857
1057
2753
308
10676
2785
9412
1163
1559
18266
9012
5879
35452
34758
14697
413
13532
13267
6398
5439
8427
15095
4263
5933
2654
10519
1628
2984
18791
1893
34655
17363
35124
83
18781
10823
8247
17255
6775
2052
5628
15474
302
12934
46717
362
13093
55134
22300
4139
2030
6918
3295
27339
4914
26058
18120
7737
45530
7816
17361
8578
3883
24557
1964
16417
5656
2077
29767
36875
32528
5514
27091
762
675
5523
1734
8183
4765
4649
218
77818
1120
26732
10033
11119
15126
7993
5934
7934
2918
7708
8020
2232
22699
1408
14013
30206
21734
595
26386
29622
2312
4494
1973
19508
9744
1129
15558
4329
28953
3475
38767
16387
23589
8248
15404
11535
10335
31001
34773
50729
24417
4374
2361
4583
2939
8024
7399
10276
5781
16628
4450
14611
39616
15508
3118
5115
9587
12299
4902
17836
20564
18197
85252
10643
38025
7800
20735
8908
4057
6104
6314
9479
1308
16906
9638
178
14333
3014
2960
10566
2591
17473
9496
17427
649
14103
9815
7938
7747
16036
10054
26236
738
16988
22854
1692
5917
1448
11621
20310
2457
7764
3260
13471
8914
14695
15625
4518
3075
2682
26007
9842
12225
12905
6012
13887
10859
5269
2582
4675
5158
12836
8376
3572
30003
17921
12617
1090
161
1358
5345
5751
6808
10648
1017
4309
11901
35
72010
947
3452
16165
31894
13377
1783
7790
4153
21370
1863
28269
1473
10011
4080
18793
25985
17419
48802
52929
3487
29459
6721
5262
12651
1705
17652
8392
6807
17211
9383
2084
35637
7049
16149
23223
45503
15651
5008
10078
3828
21604
46858
37665
7785
1129
1176
22822
31065
515
1117
21959
576
5762
23663
29124
10050
34729
8955
18351
13375
29050
15273
5684
21415
6783
1608
5108
23614
36666
3267
18237
1133
39746
8158
4631
1316
9919
36336
8254
11368
9170
2672
335
7347
1616
21830
670
854
24706
15183
3124
7683
24127
2707
5889
43632
6973
3360
14136
16357
54713
19427
38204
5604
3427
43808
5538
2497
1158
10882
13090
14604
24920
2277
1891
4466
1331
19260
20392
5965
1430
9064
17860
11595
22556
1693
14430
11694
59530
9938
8487
5089
7645
668
363
26311
19234
34559
29005
412
3339
17256
8561
39356
12912
39601
22405
511
15685
1199
388
4782
807
2977
13174
5330
32406
9852
12584
28438
144
432
9842
3335
7770
19882
36089
3071
43532
6584
16239
3176
16869
11562
25209
24114
1683
7817
6780
4315
2736
9837
3191
3517
6121
21772
7298
12459
3789
6164
3431
16980
8826
14608
24153
11579
16846
2675
1654
38310
10023
5608
5710
13458
23890
53784
8781
9581
12282
11779
71708
33237
13325
19712
721
11424
5219
16807
24533
8
13820
56798
5237
9646
6774
20503
3690
5209
12710
3376
7991
3300
3503
10039
8351
16575
167
5420
5542
5408
23445
36403
5298
19974
4170
1164
41
484
32066
23777
2698
17963
2653
17321
15006
16879
17779
3063
5179
5221
8403
4139
6996
22102
8944
2864
9801
17092
2977
7653
5765
2280
3657
5659
5329
25364
3335
43921
9692
5058
7393
16674
63840
14722
2224
1243
10294
15005
11461
17792
6938
2698
133
3836
36590
12791
18566
11908
24239
8205
34510
541
900
53326
50055
4088
6326
15135
12427
5048
16487
14830
10268
10364
23512
24717
8438
15179
4889
8952
9447
11569
18386
5994
11258
26681
45957
6002
5962
26132
3769
28935
11866
4583
21408
16448
21432
35600
3778
597
3383
24343
22284
1837
12665
20275
32116
5221
5503
12304
2456
28838
37679
2170
5020
4446
9728
6707
15805
515
34967
36136
13540
12130
7448
1515
17318
217
7520
4250
27007
68
34286
28130
15318
27136
4529
42136
529
17859
704
2539
2203
24907
3455
16451
34228
11524
15570
6556
4224
4391
5516
2539
10743
15569
6189
30911
32312
843
26141
3809
2459
3887
26287
8475
28562
4532
2504
30823
454
16959
1187
16790
2883
8518
236
10930
37040
3694
1376
29296
34608
8425
12474
853
1290
3925
84022
43682
14621
17393
43828
17993
3123
12725
16140
8803
21698
5390
16030
178
22378
4537
6325
3886
13987
5727
16904
18123
884
4782
5454
13909
45083
4761
51639
224
14661
7817
4016
9444
12703
23557
15946
16167
3246
22250
3606
2318
13563
36694
6747
282
21977
843
4
14964
26469
11742
17612
10983
26891
8251
15314
2884
13997
19084
15579
9534
14753
24590
2293
21809
2435
4009
27375
6280
179
7807
785
1947
7143
13870
8743
5762
30633
1518
17049
6753
11617
14714
1177
19671
21292
10129
11418
34168
76345
28320
51848
28307
10425
366
8068
6255
12322
44791
6476
3550
4972
19251
8392
28839
5628
74473
1633
6923
12715
3380
1882
9712
1842
16351
49253
3993
11907
7992
10530
446
14501
1949
43640
35578
14202
20915
9823
706
17834
6604
7019
17561
7337
1160
8669
803
2515
15135
19208
19641
7801
14618
23417
2536
19328
33437
5245
6107
3858
12016
6436
815
3360
1573
5020
30360
25227
5608
11174
2680
13891
530
908
36374
22579
752
1203
3188
9038
15129
12609
51514
11202
50466
13212
4631
34639
9663
1200
58
13715
4859
11153
2719
19179
6704
10229
11519
2214
28027
3518
47947
31666
8184
49466
2094
5034
14192
20080
982
104763
10262
19166
13156
14606
36052
3824
34614
21780
2322
18668
41513
9181
8923
7070
34096
20245
41886
7844
2159
535
7272
798
4144
4451
4973
17533
4225
21688
17765
8327
303
381
1286
83809
2286
9508
19201
18885
12272
8218
12416
20694
1309
30113
14731
1016
6478
30549
8045
26
28388
40671
5566
864
27719
4935
21133
6944
20656
15932
56998
10367
13104
11970
3238
3300
10981
17427
22458
3912
7956
7026
15085
19964
72
1465
4843
1686
12449
69255
8194
10860
7500
958
2882
32111
1329
997
23034
9454
11567
7741
3611
9117
13796
16156
2902
25695
4167
1218
7902
6182
2762
12239
17122
5105
5197
3138
14084
4757
13730
4496
14534
989
11526
10261
5649
31747
1146
11319
49604
29840
6058
20893
6889
14083
14821
6549
27440
9024
3491
1442
166
5247
684
2165
2765
14066
1901
3783
2990
10457
23549
15281
4233
23511
45485
16801
19402
5833
5539
11004
16935
2329
17659
5185
236
3743
1188
20474
9058
9037
2340
4928
14934
12738
2218
901
32790
4703
1056
3663
39859
2200
8821
3060
21140
24347
38532
109
6557
1294
4051
13811
22694
7191
10786
19230
10082
6614
11633
5280
13840
1824
5787
7386
10754
1589
20189
970
3806
19105
19289
3326
4989
24967
36781
1292
2899
5703
32433
9788
8517
1495
764
2607
26028
41686
4245
2401
15140
3965
8575
2791
20065
21983
3292
24374
7681
6939
3045
1485
23621
35551
5177
23837
29887
20587
28320
3344
5807
2066
22094
35985
4501
17570
18768
6490
814
1360
7851
6221
541
1603
41309
11056
2719
14717
15361
32957
11400
8226
49121
3294
14678
2872
11820
14521
12461
14752
6065
36946
26759
6570
6351
4926
3531
2141
5155
18665
23538
20001
13450
3840
9970
10903
32528
44754
21947
33054
14563
12272
10381
7031
291
32993
14667
7920
4450
36227
6667
3620
639
8246
20059
3921
3529
13354
4371
10748
10460
679
21609
15228
30460
2392
12847
7438
12970
16971
1818
13091
16905
8773
18244
10354
21998
6981
3808
729
2627
641
4792
5611
38341
7420
16672
10755
2428
17547
30878
27676
9151
8389
21869
17875
19304
2659
59071
19030
44893
441
8541
6056
13345
20262
173
13555
12726
27687
63802
1502
16325
19546
7050
11602
13084
23687
3028
2960
18405
332
9701
28894
399
14729
31351
11594
21133
4123
4837
44298
8199
4596
14822
1403
1406
17972
13599
29052
2457
2900
12013
7996
3769
6489
11693
9969
21544
21088
2220
39966
17463
15651
3620
9320
3434
8313
22656
15653
11314
6971
34865
17994
14919
3785
19219
51304
24012
16253
4197
6810
6152
5252
1827
15251
6249
12107
14681
10586
19514
10017
3631
24475
14561
6836
4885
43689
2220
54796
11016
8650
2696
4442
18200
26946
10435
11859
2822
11002
1427
8560
43258
4023
13762
353
10076
23337
15296
7607
3928
19595
252
9434
15077
24099
23126
4141
4264
15321
27895
3031
4597
16839
8515
9697
33720
15572
33291
45961
5753
14123
640
4026
1249
8983
470
5734
27103
13472
5461
21440
14763
3471
2643
9861
1985
14604
17576
3074
7551
4800
638
8765
25425
37115
3256
1138
6702
2497
5348
23721
1331
9349
1761
23706
9426
169
3397
37780
8177
13493
44137
14128
7557
3360
10215
36290
5268
10039
3852
3806
4101
21736
2709
728
20109
38161
18425
6258
3182
2027
222
5397
5929
22608
29493
27629
9179
1364
24960
853
32501
486
969
8925
3526
8663
9641
8349
17242
26343
17562
15758
17344
648
2572
18563
11491
21711
20832
10180
1466
697
1428
8107
15970
41361
1366
23042
22792
8935
8916
30262
12054
12824
4686
9756
5715
2357
16782
25554
2892
3707
4725
19262
14783
3380
15691
29336
15956
19010
13802
1684
2668
9481
1991
5142
20848
8885
566
4299
2995
23013
17133
17839
29756
15703
11954
11816
16833
15903
14685
4836
392
19688
319
1592
5919
38492
5700
1346
1899
1399
772
555
5628
1467
609
9529
18955
7493
13523
6545
650
5474
18332
1783
14821
13321
12143
30574
20364
31359
2996
22337
13885
34896
3689
9443
6845
22832
3620
31281
6492
19644
33784
2095
23562
356
19800
808
1199
49228
4049
8084
50795
31626
3323
24921
24721
7971
34846
2167
13017
5757
1963
2108
18308
6380
6213
33788
4982
4659
6990
3505
19311
1219
2540
3853
12169
14965
15823
190
19635
1945
24520
15467
48457
7061
12784
5782
2947
38435
9942
17365
4446
9878
8425
25290
12875
10678
13022
38392
16007
157
36693
15340
20483
4854
2271
2389
12431
2059
1096
6781
40188
3933
8529
4694
55892
911
4054
82
2861
32302
1816
4545
284
24277
9658
9688
8292
7157
2837
5958
1391
1110
28020
399
1670
2468
8453
40392
22234
2224
38749
1140
25471
16413
29699
3078
20732
5
36892
6833
9331
27132
9941
39827
23715
2770
5725
13209
3463
2044
13466
16702
25607
2559
28673
2284
10598
37781
33561
17600
5036
1129
3286
9320
28697
15089
8469
971
595
19946
5807
3663
1907
9233
12986
6681
18452
185
5999
11672
18188
22730
1252
3782
35061
9223
19132
12623
3337
4489
6342
9297
9893
3203
14187
12813
5470
15938
3722
609
10645
15501
26257
30231
586
1022
7209
14252
850
1604
1596
1476
3933
18297
22074
1218
1529
13973
12883
5126
16379
21394
1520
3864
10743
5277
16564
23026
2560
23309
15031
59928
5040
37246
14208
6877
2656
63521
4579
26314
1458
13094
3708
21763
4909
7553
6132
824
4584
4089
18822
25440
3174
20290
4494
4118
11095
4038
21200
1020
12566
9088
11479
10149
43356
1744
5674
1416
930
17490
3930
8435
31427
288
8352
18509
14517
9764
8171
7581
3238
2491
938
13720
10114
11397
104
4530
18476
2917
7090
28631
12510
11514
1131
44631
5173
15251
14645
1230
2484
6025
32099
1136
4622
40724
945
12581
11275
7769
16
10121
114554
18473
11783
2690
1525
6633
2724
3277
41167
8586
24900
43708
7430
5964
4750
3546
7583
19808
42127
7613
27288
8235
10459
10732
3786
32243
3530
7031
4514
23384
852
11517
31157
807
17121
21213
7602
7994
2518
12181
2446
4136
15146
2748
7770
21331
2508
5238
84687
13650
2312
9943
10131
5365
8601
18332
20396
1303
9119
30945
1557
16528
16326
6469
12709
2014
30364
27202
1468
4618
11920
51844
1794
977
48271
6147
16456
2634
5070
10894
2011
13948
15519
19493
3815
2816
7317
7886
15857
11165
3153
3374
5517
5790
6746
17070
3326
4944
22708
2296
3691
27794
9054
7339
2008
11067
3009
26620
2139
5462
27026
20281
458
17945
10828
66511
19827
603
21385
11725
5855
38527
9296
9833
7415
10117
24072
3343
6811
19037
2829
6504
2018
1933
20154
19500
3266
16071
9810
3680
13320
2801
5679
30184
15812
3311
23837
16696
10014
29531
28346
24746
7568
13197
5054
1959
45875
1323
11280
11022
9090
6331
10003
4219
159
2608
694
607
5593
42497
5499
16602
411
753
9797
33044
5449
6080
6175
1013
5948
9206
1958
25365
254
2768
20904
3506
3678
34243
11171
23526
9079
45584
11587
5534
12078
61809
8520
23996
42779
24824
26454
11515
2887
4006
23905
1324
13692
16014
16568
1746
19762
6562
16278
23663
25977
13950
4010
2967
11195
750
20502
2029
4723
6646
2586
6154
9165
381
9051
6218
41219
1340
10901
892
13204
16603
4894
24079
50152
8772
11880
1075
1117
44141
2288
2138
10658
3477
5985
41057
4975
41098
29098
18723
27881
15047
20559
22761
378
57636
4147
14235
4244
33444
1607
28875
3149
7554
4527
9027
3365
2526
6266
5635
13718
8523
10757
71535
6628
3361
1992
14971
37420
16151
16762
40365
15673
5496
2189
598
12406
7332
27749
3769
5020
13461
2624
570
62526
2644
47762
49070
1046
42450
23945
5658
22379
27122
1444
1750
60498
919
4116
25855
20992
14754
981
12172
13026
2785
20977
1618
5030
5671
13381
8418
5697
24163
1386
14844
26124
7786
10222
2006
3255
11433
17820
4154
19581
16016
56942
7266
16570
8572
12262
4593
12035
9055
21541
2342
6790
17313
12763
12343
17863
53934
8566
7740
7535
661
21626
38859
44097
7419
1003
22494
27930
3908
802
5899
4302
10155
15520
27823
3243
40851
9948
29677
18
8500
11
3995
4792
1036
1070
14519
20306
7632
1286
6456
5565
19602
20233
1228
32631
13953
5211
9974
15912
2969
28637
1377
27155
29587
16627
17977
685
3829
16849
5673
1978
50173
10858
1634
18324
12882
14538
12189
1362
8706
17030
10283
485
23892
23644
4467
11703
18620
27480
15314
17859
5496
951
25751
646
25
19116
2891
19446
37846
5809
10829
2486
5404
6033
710
57
20741
47853
19181
15017
21108
14609
2128
6554
19705
20613
956
895
6819
22671
5883
6352
21236
141
1248
23038
20820
2524
11877
28144
4246
47247
41939
4543
19499
9692
6158
50665
6515
19030
1106
24271
24146
2133
229
2029
3419
1341
15967
8778
3511
816
2411
239
11471
4555
4613
12800
17188
9909
6745
7630
21605
6864
10957
10590
11324
4477
9248
5840
1266
12221
35598
25134
781
8490
7256
10833
9749
4866
10973
14739
14683
549
21958
8431
477
16668
27358
77
5131
19255
954
4011
23249
12040
24904
18767
26157
42272
8179
33055
7610
7068
32792
5068
43282
11118
4770
23317
3499
864
3583
1072
11615
16526
18897
13853
5122
9021
2941
66972
2331
18988
7666
4052
6866
10366
17018
4833
31693
9197
1625
8977
9280
5467
21366
10925
1995
6741
18101
9381
21878
13486
32000
4884
20484
14430
9833
18089
1075
876
12569
4404
31789
13006
1714
15695
672
65152
11304
49436
19213
3555
11153
17775
1191
36883
28070
1439
10495
2554
2808
1371
20657
11039
18733
30381
9832
22256
1626
22569
3252
43234
28338
50935
27050
8651
518
3608
14859
1539
8293
3065
37343
1667
4594
15439
22966
737
11981
2948
14950
4117
4668
4373
938
12679
374
9550
8614
14308
4483
4122
11041
10421
51210
13806
14876
12257
9831
892
5410
16733
3368
2293
2360
10385
14024
13618
18217
11793
7806
7528
67508
4223
6339
145
10301
2999
7293
18536
13023
2863
5893
13268
14038
2446
2887
4929
6708
605
33891
792
23513
6073
21209
7149
7962
10063
36936
6626
34365
3316
22330
21703
8629
14979
927
28232
4499
13776
18604
745
5903
1651
20850
9477
9764
2572
13
2360
3546
11485
7032
1664
912
1055
25905
7
4605
7259
1276
9672
20058
39068
906
28316
8090
32641
22420
9036
28124
1205
4694
8889
1406
1549
8930
6539
9354
3024
9278
22431
58556
17328
2736
2597
2614
1671
10235
9776
301
3287
43582
1631
4538
21455
28800
9716
2032
8775
3956
43044
639
30504
23804
4952
47487
14063
8069
2771
12711
694
6838
10429
33611
5497
15718
24900
2690
7699
27507
21859
10895
1171
4432
6831
10660
2614
3855
4767
9002
8774
52233
2029
10775
7811
18617
10433
22573
6856
5459
5893
5982
8199
9507
24071
18263
25488
8355
9690
27631
8366
28410
1092
3774
39521
5314
2205
14699
44924
22807
12321
4506
1614
46280
55246
38605
29231
13438
2075
27607
21836
19707
13426
16616
570
2113
2765
2946
1481
16820
1635
35866
374
33587
34257
6267
32924
22841
26453
2937
7081
11723
3346
4940
2599
1961
9849
49814
15176
24548
11117
1189
3167
18934
25622
28389
3292
18375
3479
27170
5975
2330
1723
15386
14427
13272
15854
15274
18599
15269
13525
14478
6902
1482
5761
6399
10779
21883
31250
15107
672
4895
10695
2811
80941
413
15102
674
56529
10594
2815
4509
11017
3504
13055
8266
15939
284
29537
3231
6973
4407
10636
4371
6898
37022
319
25733
14102
32547
283
1216
7065
13811
2344
15459
42291
12260
33944
19830
15368
5893
53612
10967
25624
3536
6020
12804
2607
24747
5454
1249
